73472214569
73472806049
74951581341
74956406600
74996719730
79001597440
79003814760
79019028272
79019061143
podbor
alfa
avto
consult
74953740142
74953741758
74995861301
74995860591
74995861296
74953741652
74950097648
74992166013
78002220480
73432203735
73432203718
74993506931
79031193345
74996382013
79253628473
74951203035
74995644492
79228292552
74950054758
79061793723
79036038662
74951752838
79209217902
74999545208
74999545205
74999545202
79033767832
74999937334
74950692731
74951662623
79093871696
74995777334
79064106293
74996775624
74996720056
79064559359
79052026204
79062297167
79052104173
79585380329
79033788272
79050609891
79697657977
79061689884
79061665057
79033755608
79061663935
79585779300
79062604822
79014992059
79093869743
79697659060
79014990856
79062604591
79033769156
79062406784
74995305478
74951209397
73432282478
74993469742
79120990217
74995775557
74985005550
74952565000
74956481111
74956672020
79033788680
79061797042
79118538201
79643903689
79650878527
79120990745
79643911310
79259695158
79061653309
79033494172
79601037842
79052315547
74999561978
79030305906
79681425545
79675551593
79241292206
79018082114
79122903074
79018998409
79020532363
79260687732
79240039212
79242413490
79240038890
79120990957
73432203737
79585381045
74983013355
74983013303
74983013136
79128612299
79048611998
74951281492
79036061772
74951885824
79052184956
79061733288
79064103982
79322087233
79120995397
79112379814
79650879089
79819601214
78126776008
79522463645
79602831669
78127030921
78002220480
74952586008
79912235701
79122483685
79144149851
79195216663
79005285246
74951110888
74952010014
79605148906
74951827066
79137247017
79672661876
74950255179
79203085194
79624399797
79651538000
79606912306
79641997109
78002348410
79995046879
79995046879
79685230469
79850820717
79651189125
79061704618
74959297096
79202095981
77754289495
79163732455
79153289443
79163731981
79153290021
79163734213
79163741072
79153290277
79153292440
79153291525
79169497540
79385357743
79081073022
74953208245
79247153899
74955133301
74951099051
79518235342
79655261061
74952109244
79834278151
79126054384
79309488582
79369994253
79398050934
79966296667
79107209348
74952314987
74956630122
74992275714
74952940690
74958221499
74998888287
79405005550
74992140339
79775291505
79053350435
79513337566
79116400111
79996598662
79681278215
77476147347
79296350197
79923444334
79261270505
79179041814
79844148088
79697732384
79965682670
info
